"Gene_Symbols"
"TNFRSF11B"
