Rank,Term name,P-value,Z-score,Combined score,Overlapping genes,Adjusted p-value,Old p-value,Old adjusted p-value,gene count
1,FOXP3,0.00390747890445453,1.4462986366421569,8.019527644560478,"['PHF3', 'GSK3B', 'AHCTF1', 'DDX49', 'CDCA7L', 'WDR3', 'NCAPG2', 'MED19', 'DPY30', 'GPATCH4', 'MCM10', 'NOC2L', 'NR3C1', 'RRP8', 'RRP9', 'BCL7A', 'RBMX2', 'DBT', 'DPF2', 'RAC2', 'NUSAP1', 'AP3S1', 'ARIH1', 'LDLRAP1', 'TNPO1', 'UTP15', 'MBNL1', 'SEC13', 'IK', 'ADSL', 'DBNL', 'AP1B1', 'NOSIP', 'PPP2R5A', 'LIG3', 'GNL2', 'FOXP4', 'GTPBP4', 'VAV1', 'CD2AP', 'FOXP1', 'TOP1', 'SNRPA', 'ARHGEF6', 'VCP', 'INO80E', 'RBM8A', 'LENG8', 'NOC4L', 'ADD3', 'ACACB', 'GSPT1', 'CORO1C', 'EXOSC7', 'RAP1A', 'ORC1', 'DNAJB6', 'INPP5D', 'POLD1', 'DHX36', 'EXOSC1', 'RRM2', 'CBX4', 'CCDC137', 'INTS3', 'HELZ', 'EIF2S2', 'TBL3', 'LAS1L', 'SP2', 'ERCC3', 'APLF', 'MPHOSPH10', 'TSR1', 'INTS6', 'NOL12', 'EIF4G3']",0.7663731636322466,0,0,77
2,TAL1,0.007542620915120533,2.1533619210977704,10.523879277385667,"['GSK3B', 'SUPT16H', 'XRCC6', 'PARP1', 'TRRAP', 'SUV39H1', 'LMO3', 'NCAPG2', 'DDB1', 'KAT2B', 'CDK1', 'TCF4', 'TRIM27', 'TOP1', 'SSBP1', 'PRKACA', 'SKP2', 'SSBP2']",0.7663731636322466,0,0,18
3,NR2C2,0.009159838609150357,2.608135445519903,12.239788520458946,"['RXRB', 'HSP90AA1', 'HSP90AB1', 'RBBP4', 'TRAF6', 'PELI2', 'PEBP1', 'TRAF2', 'TAB2', 'NR2C2AP', 'CD2AP', 'FKBP5']",0.7663731636322466,0,0,12
4,ELF1,0.017874061453487525,2.2198263209393345,8.933479474464068,"['TAF12', 'NFYA', 'SIRT5', 'ELP2', 'RTF1', 'HMGB1', 'MED4', 'CHD1', 'NFKB1', 'PPA2', 'CDK1', 'JAK2', 'BUB1']",0.9974407382848859,0,0,13
5,FOXP2,0.03944641206503035,7.160580204778157,23.148810935874124,"['HSP90AA1', 'HSP90AB1', 'FOXP4']",0.9974407382848859,0,0,3
6,SIX5,0.03944641206503035,7.160580204778157,23.148810935874124,"['ERCC3', 'SNX25', 'HMGB1']",0.9974407382848859,0,0,3
7,TCOF1,0.0410614704314384,1.9775938802252417,6.313834428743639,"['NOP56', 'BECN1', 'GSK3B', 'WDR48', 'SLX4', 'CSNK2A1', 'TTC4', 'CDK1', 'MED19', 'TOP1', 'NDUFV1', 'GPN1']",0.9974407382848859,0,0,12
8,ATF2,0.05358675328998838,1.3317505033481365,3.897305763919634,"['ITGB1', 'ARF1', 'HSP90AB1', 'TIMM9', 'SLC3A2', 'GLS', 'HSPD1', 'STIP1', 'ARV1', 'RPS6KA5', 'RUVBL2', 'NPPA', 'SERPINH1', 'TXNDC5', 'CCT3', 'RAB2A', 'PDIA3', 'NUS1', 'SS18', 'HSP90AA1', 'CSNK2A1', 'NFYA', 'TPM4', 'H2AFY', 'PRKCB', 'AHSG', 'MDH2', 'TPM3', 'TPM1', 'KRT8', 'FOS', 'HSPE1', 'YWHAZ', 'NFKB1', 'DDOST', 'PDIA4', 'COQ4', 'MAPK10', 'DDX39B', 'CALU', 'CCDC6', 'FSCN1', 'UQCRC2', 'CALR', 'P4HB', 'DLD', 'CREB5']",0.9974407382848859,0,0,47
9,CDKN2AIP,0.059142179641901646,2.9843323087431695,8.439127460559309,"['MDC1', 'VCP', 'CLP1', 'DHX58', 'GGH']",0.9974407382848859,0,0,5
10,BCLAF1,0.07025132027823985,1.7255422374429223,4.582481412295737,"['GSK3B', 'VCP', 'CSNK2A1', 'PRKCB', 'PRKCD', 'CHD1', 'PNN', 'THRAP3', 'MAGOH', 'CDK1', 'SNIP1', 'JARID2', 'PRKACA']",0.9974407382848859,0,0,13
11,NANOG,0.09741239730461534,1.3355747201370909,3.1102888043365606,"['AHCTF1', 'PPAN', 'DPY30', 'PDHB', 'SLC8A1', 'HSPD1', 'ZMYM2', 'ORC1', 'RBBP4', 'RUVBL2', 'TRIM27', 'HELLS', 'PRMT5', 'SUPT16H', 'PBRM1', 'PHC1', 'CSNK2A1', 'PARP1', 'RFC2', 'DNTTIP1', 'ARID5B', 'KRT5', 'ILF2', 'GTPBP4', 'GNL3', 'STAG1', 'LAS1L', 'MYBBP1A', 'PSMC1', 'TSR1', 'PFKP']",0.9974407382848859,0,0,31
12,ESRRB,0.09778776812089257,1.464636792348396,3.4052157761202135,"['NCOA2', 'SMARCD1', 'PBRM1', 'L3MBTL2', 'TRRAP', 'MED8', 'MED19', 'YEATS4', 'MED4', 'MED18', 'MED6', 'MED17', 'MED13L', 'CDK8', 'MED13', 'TFCP2', 'RBBP4', 'DPF2', 'CDK1']",0.9974407382848859,0,0,19
13,CUX1,0.10423578272242816,1.7909969220246238,4.04962279001117,"['TLE4', 'GSK3B', 'KAT2B', 'CDK7', 'CSNK2A1', 'EHMT2', 'CDK1', 'HMGB1', 'PRKACA']",0.9974407382848859,0,0,9
14,E2F1,0.1110628977168739,1.3510192788022912,2.9690791260919642,"['GSK3B', 'TRRAP', 'ARID4B', 'PRDM2', 'NGRN', 'RBBP4', 'SENP8', 'CHEK1', 'SKP2', 'PRMT2', 'PARP1', 'STAT1', 'ARID3A', 'ARID1B', 'NFKB1', 'RBX1', 'DDB1', 'KAT2B', 'CDK7', 'KLF6', 'SP2', 'TFDP2', 'SP4', 'SP3', 'CDK1', 'MCPH1']",0.9974407382848859,0,0,26
15,E2F6,0.11540886639310456,1.8191941391941393,3.9281387804119046,"['L3MBTL2', 'TFDP2', 'CBX3', 'ZMYND8', 'E2F1', 'EPC1', 'SMARCAD1', 'ZMYND11']",0.9974407382848859,0,0,8
16,PRDM1,0.12892854912749135,2.169957774465971,4.445151797566051,"['PRMT5', 'HSP90AA1', 'HSP90AB1', 'SUV39H1', 'EHMT2']",0.9974407382848859,0,0,5
17,NR4A1,0.13402057872492554,1.3404618221439946,2.6940091230106122,"['VASP', 'NCOA1', 'NCOA2', 'HSP90AB1', 'ANKIB1', 'ABCA5', 'PRKCB', 'PCDHGC3', 'AGAP2', 'NR3C1', 'ABCB11', 'LSS', 'YWHAZ', 'NFKB1', 'CD2AP', 'EEF1A1', 'KAT2B', 'RPS6KA5', 'PRDX4', 'MYBBP1A', 'TCF4', 'ERC1', 'VHL']",0.9974407382848859,0,0,23
18,PDX1,0.13470359680152127,1.7363791763791763,3.4808819916389107,"['ALK', 'CCT3', 'GSK3B', 'XRCC6', 'CSNK2A1', 'PPA2', 'XRCC5', 'PASK']",0.9974407382848859,0,0,8
19,CRX,0.13969044380896822,2.386650734038921,4.697707695476003,"['ATXN7', 'SP4', 'SP3', 'NRL']",0.9974407382848859,0,0,4
20,UPF1,0.15045143281471196,1.3458851288299658,2.549261146761851,"['DDX6', 'SLBP', 'SNRPN', 'ACSS2', 'PLEKHB2', 'RBM8A', 'STAU1', 'HDLBP', 'EIF2S2', 'NDRG1', 'EIF2S1', 'YWHAZ', 'GSPT1', 'DDB1', 'CLP1', 'POLD1', 'MAGOH', 'ETF1', 'INTS6', 'EIF3F']",0.9974407382848859,0,0,20
21,VDR,0.1577968285942268,1.3139728615596016,2.4261812067876467,"['NCOA1', 'NCOA2', 'CSNK2A1', 'TRRAP', 'STAT1', 'ZBTB16', 'CDCA7L', 'TAF11', 'FOS', 'MED4', 'SLC8A1', 'MED6', 'RXRB', 'GRIP1', 'CDK7', 'MED13', 'CALB1', 'THRAP3', 'LCOR', 'CLASRP', 'PRKACA', 'PTPN3']",0.9974407382848859,0,0,22
22,HTT,0.16232848308709588,1.1789760981912145,2.1435357315282,"['TTC23', 'HSP90AB1', 'CCDC126', 'DIRAS2', 'CASP6', 'DPYSL2', 'RAC1', 'PRKACA', 'PDK2', 'ECH1', 'TPM1', 'TRAFD1', 'CPT1B', 'ETV4', 'MTSS1', 'FOXP1', 'DDB1', 'KAT2B', 'RCN2', 'TRAF6', 'WDFY3', 'AMPH', 'NDUFS1', 'UQCRC2', 'SGK2', 'DLD', 'SQSTM1', 'SLC25A11', 'STX1A', 'VCP', 'EPB41', 'STXBP1', 'CUL2', 'FPR2', 'MRPL11', 'PSMB7', 'STIP1', 'DNAJB1', 'PACSIN1', 'OPCML', 'XRCC6', 'TM4SF19', 'NEGR1', 'MBD1', 'LSAMP', 'IFT20', 'NBR1', 'GNB1', 'CNTN1', 'SPAG1', 'ALPL', 'TPP1', 'HSPA1B']",0.9974407382848859,0,0,53
23,MYB,0.1695319298332915,1.353412208504801,2.401919585142869,"['GSK3B', 'CSNK2A1', 'PARP1', 'ADAM22', 'CLTA', 'TTF2', 'RBX1', 'DDB1', 'KAT2B', 'MAF', 'MYBBP1A', 'TRAF6', 'CDK1', 'NCAM2', 'SKP2', 'ZMYND11', 'SPTAN1']",0.9974407382848859,0,0,17
24,XRCC4,0.1777367064001701,1.5914529914529914,2.7491586550289253,"['XRCC6', 'CSNK2A1', 'XRCC5', 'PRKCB', 'APLF', 'SRP54', 'DENR', 'AMPH']",0.9974407382848859,0,0,8
25,CREM,0.1793841060106449,1.5347005081102207,2.6369622055794495,"['GSK3B', 'CASP8AP2', 'CSNK2A1', 'CREB3L4', 'CREB3L1', 'KCNIP3', 'CAMK2A', 'CDK1', 'PRKACA']",0.9974407382848859,0,0,9
26,SETDB1,0.18025735154151953,1.2548602641481899,2.1500395774119543,"['RNF10', 'ASAH1', 'TXNDC9', 'HSP90AB1', 'USP11', 'CLSTN1', 'ATF7IP2', 'HSPB3', 'ECSIT', 'CHAF1A', 'PPP1R8', 'SNIP1', 'PCDHA4', 'BRIX1', 'JARID2', 'MAP4K5', 'TRDMT1', 'HSP90AA1', 'NIPSNAP3A', 'CSNK2A1', 'TSC22D1', 'MBD1', 'SERPINB9', 'MOB4', 'ORAI2', 'PPARG']",0.9974407382848859,0,0,26
27,SMC3,0.18025735154151953,1.2548602641481899,2.1500395774119543,"['BECN1', 'SYCP2', 'AIRE', 'CUL2', 'PDS5B', 'CHD1', 'RPGR', 'CAMKK2', 'DSN1', 'NIPBL', 'SMARCAD1', 'HORMAD1', 'CCT3', 'CSNK2A1', 'CBX4', 'TAF12', 'NEK6', 'ATRX', 'TAF11', 'TTI1', 'CDK8', 'STAG1', 'STAG2', 'NMT1', 'RAD1', 'EAPP']",0.9974407382848859,0,0,26
28,EED,0.1809507770032301,1.3227708140915688,2.261316700612039,"['SS18', 'PRMT5', 'HSP90AA1', 'HSP90AB1', 'TSC22D1', 'ITGAE', 'EIF2S2', 'EIF2S1', 'VAV1', 'DDB1', 'RBBP4', 'MYBBP1A', 'PSMC1', 'PPP1R8', 'EPC1', 'EIF3F', 'JARID2', 'SPTAN1']",0.9974407382848859,0,0,18
29,CEBPB,0.18438453802591795,1.238821954484605,2.0945156996943917,"['GSK3B', 'DDX49', 'EHMT2', 'CAMK2A', 'HMGB2', 'RORA', 'HMGB1', 'NR3C1', 'NR2C2', 'RXRB', 'RPS6KA5', 'MYB', 'ABL2', 'PRKACA', 'SHPRH', 'PRKCB', 'LIG3', 'NFKB1', 'RHOA', 'MAPK10', 'CDK8', 'KAT2B', 'TFCP2', 'SP3', 'CDK1', 'PPARG', 'SSBP1', 'ATF4']",0.9974407382848859,0,0,28
30,MTF2,0.18927690548294968,1.835855401429172,3.0558625114715445,"['GSK3B', 'RBBP4', 'VOPP1', 'JARID2', 'GPRASP1']",0.9974407382848859,0,0,5
31,HDAC8,0.1893210355074975,1.3516624206292758,2.2495867759779613,"['PLK4', 'DAZAP2', 'MDC1', 'HSP90AA1', 'KHDRBS2', 'VCP', 'CSNK2A1', 'AVIL', 'TPD52L1', 'ACTA1', 'KAT6A', 'MAGOH', 'SP3', 'PRKACA', 'PDK2']",0.9974407382848859,0,0,15
32,LYL1,0.19406617210295535,2.3861774744027304,3.9122717974830885,"['NFKBIA', 'TCF4', 'NFKB1']",0.9974407382848859,0,0,3
33,SMARCB1,0.1944316781784075,1.2662067024539243,2.073634360771395,"['SS18', 'PRMT5', 'SMARCD1', 'PBRM1', 'SMARCD3', 'YEATS4', 'FOS', 'NR3C1', 'YWHAZ', 'ARID1B', 'CDK8', 'ACTA1', 'KAT2B', 'NCSTN', 'ING2', 'RPS6KA5', 'RBBP4', 'DPF2', 'SMARCAD1', 'CALR', 'ARID2', 'MCPH1']",0.9974407382848859,0,0,22
34,EZH2,0.19817880573437482,1.2697784810126582,2.0552451601581696,"['SS18', 'WSB2', 'CITED4', 'ATRX', 'RORA', 'WDR61', 'VAV1', 'RBX1', 'DDB1', 'RPS6KA5', 'RBBP4', 'DNAJB11', 'PPP1R8', 'CDK1', 'EPC1', 'PFDN1', 'PIN4', 'PPARG', 'JARID2', 'ZMYND11', 'CLOCK']",0.9974407382848859,0,0,21
35,RXRA,0.1994256036367942,1.2285517648215514,1.9808112424614062,"['GSK3B', 'SMARCD3', 'THRA', 'MPG', 'CHD9', 'RNF8', 'NR3C2', 'GRIP1', 'CTSL', 'CASP2', 'NRBF2', 'PRKACA', 'NCOA1', 'MAP2K4', 'NCOA2', 'MECR', 'PRMT2', 'PARP1', 'STAT1', 'ZBTB16', 'TAF11', 'NFKB1', 'MAPK10', 'CDK1', 'PPARG', 'CLOCK', 'NFKBIB']",0.9974407382848859,0,0,27
36,CBFB,0.19991654781869317,1.5912508544087491,2.5616835586148645,"['PDIA3', 'RAB2A', 'DST', 'RARS', 'DHX36', 'SLC4A10', 'GAS7']",0.9974407382848859,0,0,7
37,ZBTB7A,0.19991654781869317,1.5912508544087491,2.5616835586148645,"['EEF1A1', 'NFKBIA', 'GSK3B', 'ZMYND8', 'SP4', 'SP3', 'CDK1']",0.9974407382848859,0,0,7
38,PPARD,0.2012235140130334,1.4816736638520684,2.375625139016351,"['RXRB', 'NCOA1', 'NCOA2', 'DUT', 'HSP90AA1', 'HSP90AB1', 'PEBP1', 'PSMG1', 'PROX1']",0.9974407382848859,0,0,9
39,NR3C1,0.20536458236094554,1.1677394620949983,1.8484947016457318,"['PHF3', 'GSK3B', 'SMARCD1', 'HSP90AB1', 'CHD9', 'CUL2', 'HMGB2', 'IDE', 'HMGB1', 'ZBTB3', 'NR3C2', 'HSPD1', 'RXRB', 'GRIP1', 'STIP1', 'RPS6KA5', 'TTPA', 'PRKACA', 'TSPYL2', 'NCOA1', 'NCOA2', 'EIF5B', 'HSP90AA1', 'CSNK2A1', 'AHSG', 'IFNGR2', 'PTGES3', 'ZBTB16', 'FOS', 'NFKB1', 'CD2AP', 'MAPK10', 'BHMT', 'CLIP1', 'ALDH5A1', 'DNAJC7', 'THRAP3', 'GNB1', 'CCDC6', 'CALR', 'HSPA1B', 'HSPA1A', 'FKBP5']",0.9974407382848859,0,0,43
40,SP4,0.20916931852083867,3.181166837256909,4.977289321611296,"['SP3', 'E2F1']",0.9974407382848859,0,0,2
41,HOXB4,0.20916931852083867,3.181166837256909,4.977289321611296,"['DDB1', 'RBX1']",0.9974407382848859,0,0,2
42,NOTCH1,0.2169583172664454,1.1715237617694578,1.7901469195780377,"['GSK3B', 'SLFN5', 'NUMBL', 'WDR48', 'SMARCD3', 'MAML2', 'DHX8', 'USP11', 'PSEN2', 'DTX4', 'DLL1', 'IPO5', 'DLL4', 'PPP2CB', 'HEY1', 'RBBP4', 'POFUT1', 'CDC27', 'ARIH1', 'ASCC3', 'TNPO1', 'CCT3', 'XRCC6', 'PBRM1', 'CCZ1B', 'PARP1', 'LRBA', 'WWP1', 'WDR12', 'VAV1', 'NFKB1', 'KAT2B', 'LRCH1', 'NBEA', 'PIK3CA', 'CNTN1', 'ARHGEF2', 'EIF3F']",0.9974407382848859,0,0,38
43,MYBL2,0.2216324148327714,1.4041778189209313,2.1157239481154155,"['GSK3B', 'LIN37', 'RBBP4', 'CSNK2A1', 'PARP1', 'E2F1', 'CDK1', 'E2F3', 'TTF2', 'SKP2']",0.9974407382848859,0,0,10
44,CIITA,0.22409599793507295,1.4321819425444597,2.142086971590637,"['NCOA1', 'GSK3B', 'KAT2B', 'NFYA', 'STAT1', 'CITED4', 'CDK1', 'PRKACA', 'CDC42BPA']",0.9974407382848859,0,0,9
45,ERG,0.22409599793507295,1.4321819425444597,2.142086971590637,"['XRCC6', 'PARP1', 'XRCC4', 'XRCC5', 'DNAJA4', 'TPM1', 'SPTAN1', 'EIF2S1', 'HSPA1B']",0.9974407382848859,0,0,9
46,TCF7L2,0.2259395168084206,1.4688231426692966,2.1848567111089507,"['DAZAP2', 'XRCC6', 'PSMA3', 'CSNK2A1', 'PARP1', 'XRCC5', 'TRAF1', 'TNIK']",0.9974407382848859,0,0,8
47,MEF2A,0.2259395168084206,1.4688231426692966,2.1848567111089507,"['DDB1', 'MAPK10', 'GSK3B', 'THRA', 'CSNK2A1', 'CDK1', 'ASCL1', 'TEAD1']",0.9974407382848859,0,0,8
48,CDKN1B,0.24086204553514276,1.2457304795286748,1.7733358737267277,"['GSK3B', 'VCP', 'CSNK2A1', 'UBE2B', 'UBE2D2', 'CAMK2A', 'NUTF2', 'TRAF2', 'YWHAZ', 'RBX1', 'DDB1', 'MAPK10', 'KAT2B', 'CCND2', 'ARHGDIA', 'AKT3', 'CDK1', 'SKP2']",0.9974407382848859,0,0,18
49,NRF1,0.24352986578090668,2.0451487079473427,2.8888046422507636,"['CDC42', 'PARP1', 'CDK1']",0.9974407382848859,0,0,3
50,SREBF1,0.2448852103627473,1.2854639365430733,1.8086036767681102,"['GSK3B', 'HSP90AA1', 'HSP90AB1', 'SMARCD3', 'TRRAP', 'HMGB1', 'PLA2G6', 'GCK', 'MED17', 'CDK8', 'MED13', 'RUVBL2', 'CDK1', 'PRKACA']",0.9974407382848859,0,0,14
51,NELFE,0.2793278980365367,2.3857045377004433,3.0426534327134105,"['WDR48', 'NELFA']",0.9974407382848859,0,0,2
52,POLR2A,0.27953543155766636,1.1208354187238763,1.4286462206017094,"['MDC1', 'GSK3B', 'AIRE', 'CTR9', 'CUL2', 'MED19', 'RTF1', 'AFF1', 'TERT', 'CLP1', 'MED10', 'RUVBL2', 'UBN1', 'POLR2D', 'CSTF1', 'POLR2F', 'NELFA', 'VHL', 'HMGN1', 'WDHD1', 'CSNK2A1', 'PARP1', 'NFYA', 'CPSF1', 'XRCC5', 'CBX3', 'INTS3', 'CPSF3', 'TAF11', 'GTF2F1', 'GPN1', 'NFKB1', 'MED28', 'DDB1', 'KAT2B', 'CDK8', 'CDK7', 'ERCC3', 'EHBP1L1', 'CDK1', 'ERCC8', 'INTS6']",0.9974407382848859,0,0,42
53,ETS1,0.2833251873983157,1.193634179821551,1.505363645147166,"['GSK3B', 'EIF5B', 'XRCC6', 'PARP1', 'XRCC5', 'CAMK2A', 'ELP2', 'ARID4B', 'HMGB1', 'FOS', 'NR3C1', 'NFKB1', 'IGF1R', 'FAM171A1', 'MAF', 'LAS1L', 'PPME1', 'EIF3D', 'HTATIP2']",0.9974407382848859,0,0,19
54,SRF,0.28739749963914196,1.2124655141453222,1.511809918903463,"['NCOA1', 'CSNK2A1', 'NFYA', 'CAMK2A', 'CIRBP', 'FHL3', 'ETV4', 'CASP9', 'RPS6KA5', 'ZEB1', 'CASP6', 'RPS6KA2', 'EPC1', 'ASCC3', 'PRKACA', 'TEAD1']",0.9974407382848859,0,0,16
55,WRNIP1,0.2890804434032422,1.4317389818927229,1.7768600625406314,"['GSK3B', 'VCP', 'USP11', 'POLD1', 'CDK1', 'ELP2']",0.9974407382848859,0,0,6
56,POU5F1,0.2895180110788873,1.0952919745660767,1.357655771071458,"['PHF3', 'MDC1', 'TRRAP', 'PPP1R10', 'EHMT2', 'CETN2', 'HMGB2', 'TTF2', 'LAMC1', 'HMGB1', 'BZW2', 'CHD1', 'SLC8A1', 'ZMYM2', 'CAPNS1', 'DBT', 'DPF2', 'KAT7', 'CCT3', 'CUBN', 'HELLS', 'EIF5B', 'SAP30BP', 'PBRM1', 'SUPT16H', 'WARS', 'CSNK2A1', 'PARP1', 'SIRT6', 'LIG3', 'FOXP4', 'ILF2', 'PTBP2', 'TOX4', 'DDB1', 'EEF1A1', 'ACTA1', 'PSPC1', 'FRG1', 'ETF1', 'RAI14', 'ANKRD17', 'DDX4', 'LAMA1', 'HSPD1', 'SERPINH1', 'XRCC6', 'PHC1', 'CPSF1', 'XRCC5', 'ZBTB10', 'HELZ', 'SRP68', 'GNB1', 'CALU', 'CDK1', 'BRWD1', 'SAE1']",0.9974407382848859,0,0,58
57,POU2F2,0.29464752198589683,1.7893771331058022,2.186574977118678,"['XRCC6', 'HMGB2', 'NR3C1']",0.9974407382848859,0,0,3
58,GFI1B,0.29483403043322365,1.213682461867311,1.4823222023785845,"['TSPYL2', 'BECN1', 'SUV39H1', 'EHMT2', 'PDE4DIP', 'TRAF1', 'KIF17', 'MID2', 'GRIP2', 'BEGAIN', 'NELL2', 'PSMA3', 'VSNL1', 'TRIM27', 'RAB11FIP4']",0.9974407382848859,0,0,15
59,SUZ12,0.29785093134866514,1.2452257267463496,1.5081702659600509,"['DDB1', 'SS18', 'CDK8', 'CSNK2A1', 'RBBP4', 'PPP1R8', 'JARID2', 'MED6', 'VAV1', 'MED17', 'WDR77', 'RBX1']",0.9974407382848859,0,0,12
60,UBTF,0.29785093134866514,1.2452257267463496,1.5081702659600509,"['GSK3B', 'ZMYM2', 'CSNK2A1', 'PIK3CA', 'MYBBP1A', 'IRS1', 'EIF3L', 'SERPINH1', 'MED19', 'CD3EAP', 'POLR1E', 'YEATS4']",0.9974407382848859,0,0,12
61,TARDBP,0.3059093945726573,1.2500977803852547,1.480698713876137,"['HSP90AA1', 'PSMA3', 'KHDRBS2', 'VCP', 'AHCYL1', 'ATIC', 'CSNK2A1', 'MED10', 'MED19', 'SRPRB', 'SQSTM1']",0.9974407382848859,0,0,11
62,SMARCC1,0.3087940507858828,1.1644185442884294,1.368285789096947,"['KDM6B', 'GSK3B', 'PRMT5', 'SMARCD1', 'VCP', 'PBRM1', 'SMARCD3', 'CHD7', 'SIRT5', 'NR3C1', 'SMARCA1', 'ARID1B', 'CDK8', 'ING2', 'DPF2', 'CDK1', 'SMARCAD1', 'VHL', 'ARID2', 'MCPH1']",0.9974407382848859,0,0,20
63,TAF7,0.3144456483060786,1.2560095071753965,1.4531327099342666,"['NDC1', 'CDK7', 'THRA', 'CSNK2A1', 'CPSF1', 'TAF12', 'TRRAP', 'TAF11', 'MED4', 'TTI1']",0.9974407382848859,0,0,10
64,DNAJC2,0.31661597072329706,4.770804911323329,5.486739034203308,['HSPA14'],0.9974407382848859,0,0,1
65,CLOCK,0.321856568671986,1.36346332178242,1.545689201567394,"['GSK3B', 'KAT2B', 'PER3', 'PARP1', 'CRY2', 'SIRT5']",0.9974407382848859,0,0,6
66,USF1,0.3235296197556613,1.2633278345537942,1.4256207507788008,"['KAT2B', 'XRCC6', 'RBBP4', 'PARP1', 'NFYA', 'TRRAP', 'XRCC5', 'E2F3', 'SMARCA1']",0.9974407382848859,0,0,9
67,CEBPA,0.34212073174507224,1.1365308224216566,1.2190333989694164,"['GSK3B', 'XRCC6', 'PARP1', 'NFYA', 'XRCC5', 'AK5', 'NR3C1', 'CHD1', 'ZEB2', 'MNT', 'MAF', 'MRTO4', 'CDK1', 'E2F1', 'POLR1E', 'E2F3', 'PKN2', 'SKP2', 'SLC25A11', 'CDKN3']",0.9974407382848859,0,0,20
68,NFE2,0.3431181192775746,1.1722832260507383,1.2539685308604833,"['ZDHHC6', 'WWP1', 'PHYHIP', 'KAT2B', 'PSMD4', 'MYBBP1A', 'CREB3L1', 'POLR2D', 'DPF2', 'ERCC8', 'HIF1AN', 'PRKACA', 'HMGN1', 'ASB1']",0.9974407382848859,0,0,14
69,LMO2,0.34372563023828284,1.284781008465219,1.3720324477970556,"['DAZAP2', 'STIP1', 'KIF3B', 'STAT1', 'EHMT2', 'SSBP2', 'CORO1C']",0.9974407382848859,0,0,7
70,SIRT6,0.3462998714203102,1.5904436860068258,1.6865863231166753,"['XRCC6', 'XRCC5', 'SKP2']",0.9974407382848859,0,0,3
71,BDP1,0.3489307216270643,1.9084271579665644,2.009348377455556,"['CSNK2A1', 'POLR3F']",0.9974407382848859,0,0,2
72,CBX3,0.3512959717797514,1.1336264584763212,1.185916323792714,"['L3MBTL1', 'MDC1', 'XRCC6', 'L3MBTL2', 'ZNF460', 'H2AFY', 'EHMT2', 'MIS12', 'TALDO1', 'HSPE1', 'DSN1', 'NIPBL', 'CHAF1A', 'BAHD1', 'CHAMP1', 'SMARCAD1', 'VHL', 'PRKACA', 'TRIM66']",0.9974407382848859,0,0,19
73,CTNNB1,0.35394614546461445,1.0612719451226602,1.102248194981173,"['PTPRU', 'PCSK1', 'DAZAP2', 'GSK3B', 'AHCTF1', 'HSP90AB1', 'TRRAP', 'IRS1', 'CHD9', 'UBE2D2', 'SUV39H1', 'PTEN', 'BCCIP', 'HMGB2', 'CLTA', 'ARID4B', 'PTPRK', 'GRIK2', 'CDH8', 'PTPRF', 'IGF1R', 'GRIP1', 'CASP6', 'RUVBL2', 'CDC27', 'RAC1', 'PRKACA', 'RAB8A', 'NCOA2', 'CSNK2A1', 'PARP1', 'PRKCB', 'FOS', 'DUSP26', 'YWHAZ', 'RBX1', 'DDB1', 'KAT2B', 'PIK3CA', 'LRRC7', 'FSCN1', 'RAPGEF2', 'CRYAB', 'CDH18', 'PSEN2', 'CXXC4', 'NDRG1', 'HSPD1', 'GNA13', 'KIF3B', 'ERBB2', 'BRIX1', 'PRPF38B', 'UBE2B', 'PBDC1', 'FANCC', 'ISG15', 'NFKB1', 'TJP1', 'COPS3', 'DLG1', 'FER', 'TCF4', 'NF2', 'RBMX', 'HSPA1B']",0.9974407382848859,0,0,66
74,IRF8,0.3551129310380227,1.3013945398639626,1.347359046052498,"['COPS4', 'SMURF2', 'TRAF6', 'TOP1', 'SQSTM1', 'NFKB1']",0.9974407382848859,0,0,6
75,LMO4,0.3551129310380227,1.3013945398639626,1.347359046052498,"['DDB1', 'GSK3B', 'KIF3B', 'ITSN1', 'SSBP2', 'SEC24D']",0.9974407382848859,0,0,6
76,STAT1,0.3643392451447946,1.086449464922711,1.096955271784241,"['VPS29', 'MDC1', 'GSK3B', 'VCP', 'HSP90AB1', 'NMD3', 'RTF1', 'IDE', 'EIF1AD', 'RPS6KA5', 'HIRIP3', 'ERBB2', 'E2F1', 'RAC1', 'JAK3', 'SPTAN1', 'TSNAX', 'PDGFRB', 'UBE2F', 'GSTK1', 'CSNK2A1', 'SMURF2', 'NAA10', 'MBD1', 'PRKCD', 'ELP2', 'ISG15', 'FANCC', 'FOS', 'DDB1', 'NFKBIA', 'PIK3CA', 'IFNAR1']",0.9974407382848859,0,0,33
77,ESRRA,0.3762084972635647,1.1929719562243501,1.1662634319831167,"['NCOA1', 'GSK3B', 'KAT2B', 'DUT', 'TRRAP', 'PRKCD', 'DPF2', 'CDK1', 'PROX1']",0.9974407382848859,0,0,9
78,MEF2C,0.3762084972635647,1.1929719562243501,1.1662634319831167,"['NCOA2', 'TFCP2', 'CSNK2A1', 'CDK1', 'SIRT5', 'PRKACA', 'ASCL1', 'TEAD1', 'YWHAZ']",0.9974407382848859,0,0,9
79,TRIM28,0.38235922126389943,1.0747985717842874,1.03330569610131,"['AIRE', 'UBE2D2', 'MIS12', 'CUL2', 'ZNF2', 'NR3C1', 'RNF4', 'NR2C2', 'IPO8', 'CHAF1A', 'RUVBL2', 'BAHD1', 'MYB', 'E2F1', 'SMARCAD1', 'ZNF689', 'E2F3', 'VHL', 'CCT3', 'ZNF460', 'ZFP1', 'PARP1', 'STAT1', 'CBX3', 'PRKCD', 'UBE2E2', 'RRP1B', 'YWHAZ', 'DDB1', 'RCN2', 'TRAF6', 'CALU', 'CCDC6', 'ZNF256']",0.9974407382848859,0,0,34
80,NR1I2,0.3885844633023502,1.2447230433297187,1.1765678896066887,"['RXRB', 'NCOA1', 'NCOA2', 'HSP90AA1', 'HSP90AB1', 'NUCB2']",0.9974407382848859,0,0,6
81,CCNT2,0.3975429130232472,1.431296928327645,1.3203032772355852,"['CDK1', 'MLLT3', 'ELL2']",0.9974407382848859,0,0,3
82,SMAD1,0.399501908934386,1.0680474299915872,0.9799727522505468,"['ZCCHC12', 'GSK3B', 'VCP', 'SMARCD3', 'SUV39H1', 'TTF2', 'UBE2Z', 'TTF1', 'ECSIT', 'ZDHHC3', 'ING2', 'PAK1', 'ZMYM2', 'RAC2', 'SNIP1', 'SOX5', 'KDM6B', 'STARD13', 'SMURF2', 'MBD1', 'WWP1', 'MED6', 'CDK8', 'KAT2B', 'CDK7', 'ZEB2', 'ZEB1', 'COL5A1', 'ERCC3', 'RHEBL1', 'SQSTM1', 'ARHGEF6']",0.9974407382848859,0,0,32
83,MYBL1,0.41606325937400673,1.5902422381439782,1.3945119865014368,"['CSNK2A1', 'LIN37']",0.9974407382848859,0,0,2
84,KLF4,0.4220214867870226,1.1927741715066622,1.0290051442480919,"['KLF6', 'CUL2', 'PRKCD', 'PPARG', 'LAMC1', 'VHL']",0.9974407382848859,0,0,6
85,FOXM1,0.4220214867870226,1.1927741715066622,1.0290051442480919,"['GSK3B', 'HSP90AA1', 'HSP90AB1', 'CDC27', 'CDK1', 'ZBTB3']",0.9974407382848859,0,0,6
86,NFE2L2,0.42382352050025884,1.1167081713195568,0.9586248806316698,"['PRKCG', 'GSK3B', 'MAF', 'PRKCD', 'EIF2AK3', 'UBE2E2', 'PPARG', 'FOS', 'SQSTM1', 'RBMX', 'ATF4']",0.9974407382848859,0,0,11
87,NFIC,0.4240179440327188,1.2722430863776033,1.091558491980789,"['GSK3B', 'HSP90AA1', 'HSP90AB1', 'LLPH']",0.9974407382848859,0,0,4
88,SMARCC2,0.4400760178163107,1.066559005208123,0.8754399498118115,"['GSK3B', 'SMARCD1', 'PBRM1', 'SMARCD3', 'CSNK2A1', 'ITSN1', 'CHD7', 'SMARCA1', 'ARID1B', 'PHYHIP', 'CDK8', 'NCSTN', 'ING2', 'DPF2', 'CDK1', 'SMARCAD1', 'SNRPA1', 'ARID2', 'MCPH1']",0.9974407382848859,0,0,19
89,STAT6,0.4474957565092855,1.0773574688636187,0.8662904537225962,"['NCOA1', 'VKORC1', 'IGBP1', 'DAZAP2', 'NCOA2', 'AHCYL1', 'WWP1', 'NR3C1', 'NFKB1', 'EEF1A1', 'NFKBIA', 'JAK2', 'JAK3', 'IFNAR1']",0.9974407382848859,0,0,14
90,PPARGC1A,0.4476901937526938,1.0933649897330595,0.8786869480155811,"['NCOA1', 'GSK3B', 'CDK7', 'RNF34', 'CAPNS1', 'MYBBP1A', 'CDK1', 'PPARG', 'NR3C1', 'PRKACA', 'MED17']",0.9974407382848859,0,0,11
91,STAT5A,0.4540273646909536,1.0681513610835474,0.8434099734386707,"['PDGFRB', 'NCOA1', 'STAT1', 'HELZ', 'NR3C1', 'MRPS6', 'NFKB1', 'PAK1', 'MYB', 'AQP11', 'STAP2', 'JAK3', 'SQSTM1', 'RBMX', 'ZNF596']",0.9974407382848859,0,0,15
92,HSF1,0.45796758320092124,1.0540813394838071,0.8231920703655496,"['GSK3B', 'MTMR2', 'XRCC6', 'HSP90AA1', 'CSNK2A1', 'XRCC5', 'STAT1', 'PTGES3', 'BTF3L4', 'CAMK2A', 'MID2', 'MAPK10', 'DNAJB1', 'CALU', 'PRKACA', 'BUB1', 'HSPA1B', 'FKBP5', 'HSPA1A']",0.9974407382848859,0,0,19
93,KDM6A,0.4656460640764837,1.1926425401160805,0.9115718198182583,"['PAGR1', 'GSK3B', 'CDK1', 'N4BP2']",0.9974407382848859,0,0,4
94,NCOA1,0.46843910642976955,1.060180427086902,0.8039869377660209,"['GSK3B', 'NCOA2', 'THRA', 'PRMT2', 'RORA', 'FOS', 'NR3C1', 'NFKB1', 'RXRB', 'GRIP1', 'KAT2B', 'CDK1', 'PPARG', 'TEAD1']",0.9974407382848859,0,0,14
95,RNF2,0.4705885149388178,1.0325310431314503,0.7782921718145422,"['VCP', 'L3MBTL2', 'TRRAP', 'UBE2D2', 'USP11', 'PHF21A', 'MED17', 'CASP9', 'RBBP4', 'RUVBL2', 'SPATA24', 'EPC1', 'PHC1', 'NPM2', 'CSNK2A1', 'AUTS2', 'CBX4', 'SMURF2', 'XRCC5', 'CBX3', 'MBD1', 'UBE2E2', 'MED4', 'TOX4', 'TFCP2', 'MYBBP1A', 'PALLD', 'PGP', 'UBE2V1']",0.9974407382848859,0,0,29
96,PCGF2,0.47473167609176087,1.0904224664224664,0.8123707642472444,"['CCND2', 'PHC1', 'CBX4', 'USP11', 'SPATA24', 'UBE2E2', 'VHL', 'SPDEF']",0.9974407382848859,0,0,8
97,CEBPD,0.47821490801476807,1.135831381733021,0.8378971869991909,"['SPAG5', 'SIAH2', 'UBR5', 'E2F1', 'GTF2F1']",0.9974407382848859,0,0,5
98,MAZ,0.4794909687652158,1.3629672954135594,1.0018221503572544,"['CSNK2A1', 'FOS']",0.9974407382848859,0,0,2
99,GLIS2,0.4794909687652158,1.3629672954135594,1.0018221503572544,"['CPSF1', 'WNK1']",0.9974407382848859,0,0,2
100,SMARCA4,0.4881621570212281,1.0201305590086367,0.7315434169962342,"['SMARCD1', 'SMARCD3', 'ZMYND8', 'CHD7', 'NR3C1', 'MED17', 'RPS6KA5', 'RAP1A', 'BCL7A', 'RBBP4', 'DPF2', 'SMARCAD1', 'SNIP1', 'BRD9', 'ARID2', 'NCOA1', 'KDM6B', 'SS18', 'PRMT5', 'PBRM1', 'CSNK2A1', 'STAT1', 'CBX3', 'SMARCA1', 'ARID1B', 'MED6', 'WDR77', 'CDK8', 'ZEB1', 'MYBBP1A', 'PPARG', 'BRWD1', 'ZMYND11', 'MCPH1']",0.9974407382848859,0,0,34
101,BRF2,0.4890436464403731,1.0600980727563005,0.7582919009735396,"['KDELR1', 'SSR3', 'ARL1', 'SRPRB', 'SLC3A2', 'PDHB', 'IARS', 'NOC2L', 'SMAP1', 'TNPO3']",0.9974407382848859,0,0,10
102,SREBF2,0.4950170677365419,1.0494798083504449,0.7379554090286534,"['CASP8AP2', 'CDK8', 'ZMYM2', 'PSMD4', 'NFYA', 'TRRAP', 'FHL3', 'TTC1', 'MRPS6', 'MED6', 'HINFP']",0.9974407382848859,0,0,11
103,HNF1A,0.502509424712595,1.0600569800569801,0.7294685468992628,"['KAT2B', 'VCP', 'CBX3', 'PEBP1', 'SNRPA1', 'HMGB1', 'FOS', 'YWHAZ']",0.9974407382848859,0,0,8
104,AR,0.504800375466864,1.0090728758953058,0.6897943713731024,"['GSK3B', 'SMARCD1', 'PXN', 'ZBTB1', 'HMGB2', 'PTEN', 'IDE', 'HMGB1', 'NR3C1', 'RNF4', 'NR2C2', 'NR3C2', 'GRIP1', 'PAK1', 'E2F1', 'KAT7', 'DENND5A', 'SPDEF', 'NCOA1', 'NCOA2', 'XRCC6', 'HSP90AA1', 'PARP1', 'XRCC5', 'ZBTB16', 'ATRX', 'ADAM10', 'FOS', 'GTF2F1', 'NFKB1', 'WDR77', 'KAT2B', 'CDK7', 'MYBBP1A', 'DNAJC7', 'PSPC1', 'ERCC2', 'CDK1', 'TAB2', 'TCF4', 'CALR', 'IARS', 'HSPA1A', 'FKBP5']",0.9974407382848859,0,0,44
105,E2F2,0.5137508768593685,1.0841250620963736,0.7220455115857883,"['TFDP2', 'CAT', 'ARID3A', 'GNB5', 'MCPH1']",0.9974407382848859,0,0,5
106,JUND,0.5251893891420283,1.043436004784689,0.6719689683341511,"['MAPK10', 'GSK3B', 'HBZ', 'BATF3', 'CDK1', 'FOS', 'HINFP']",0.9974407382848859,0,0,7
107,TFAP2A,0.5298177202860872,1.0313328713328713,0.6551255927817643,"['CASP6', 'CITED4', 'SH3BP4', 'WWP1', 'PPARG', 'AMPH', 'LDLRAP1', 'PRKACA']",0.9974407382848859,0,0,8
108,ATF3,0.5298177202860872,1.0313328713328713,0.6551255927817643,"['GSK3B', 'BATF3', 'HSP90AA1', 'HSP90AB1', 'STAT1', 'POLR3D', 'NFKB1', 'ATF4']",0.9974407382848859,0,0,8
109,YY2,0.5330093718688769,1.5900409276944065,1.00047962441754,['RRP1B'],0.9974407382848859,0,0,1
110,RCOR2,0.5330093718688769,1.5900409276944065,1.00047962441754,['CTR9'],0.9974407382848859,0,0,1
111,EMX2,0.5330093718688769,1.5900409276944065,1.00047962441754,['MED17'],0.9974407382848859,0,0,1
112,KAT2A,0.5371886923127317,1.0041318586146546,0.6239734250325426,"['CCT3', 'WDHD1', 'ENY2', 'XRCC6', 'TRRAP', 'XRCC5', 'CUL2', 'SUPT7L', 'MED17', 'DDB1', 'EID1', 'CDK8', 'KAT2B', 'ATXN7', 'E2F1', 'VHL']",0.9974407382848859,0,0,16
113,IRF4,0.5451826402813699,1.0599749630135427,0.6430172976194793,"['TRAF6', 'TRAF2', 'PROX1', 'TOP1']",0.9974407382848859,0,0,4
114,TBP,0.5486412548286521,0.9919889920880633,0.5955014109179573,"['ELN', 'HMGB1', 'NR3C1', 'RNF4', 'CAND2', 'ATXN7', 'RUVBL2', 'CREG1', 'SPATA24', 'E2F1', 'TEAD1', 'NCOA1', 'COL26A1', 'CPSF1', 'TAF12', 'NFYA', 'CPSF3', 'TAF11', 'CD3EAP', 'FOS', 'GTF2F1', 'PSMC1', 'POLR3F', 'TBPL1', 'ATF4', 'NFKBIB']",0.9974407382848859,0,0,26
115,KLF5,0.55114094972458,1.0220850212309043,0.608922171366602,"['GSK3B', 'SMURF2', 'PRKCD', 'WWP1', 'GTF2F1', 'NFKB1']",0.9974407382848859,0,0,6
116,YAP1,0.5609560269898968,0.9867155616017035,0.5704328564490355,"['TSNAX', 'IGBP1', 'AHCYL1', 'WBP1', 'STAT1', 'VPS4B', 'MED8', 'RTF1', 'TTC9C', 'MED4', 'YWHAZ', 'MED6', 'TTI1', 'SULT1A1', 'MED11', 'DSN1', 'PRKACA', 'TEAD1']",0.9974407382848859,0,0,18
117,RARA,0.5675648726195897,0.9817859673990078,0.5560837910436538,"['GSK3B', 'SMARCD3', 'SUV39H1', 'NR3C1', 'ACACA', 'RXRB', 'GRIP1', 'WDR7', 'NRBF2', 'PRKACA', 'JAK2', 'NCOA1', 'NCOA2', 'MECR', 'PARP1', 'ZBTB16', 'MBD1', 'PHKA1', 'FANCC', 'MED6', 'MAPK10', 'KAT2B', 'CDK7', 'MRTO4', 'CDK1', 'TRIP11', 'SQSTM1', 'CLOCK']",0.9974407382848859,0,0,28
118,NACC1,0.5814983687786309,0.9936390027322405,0.5386985159235967,"['GSK3B', 'MYBBP1A', 'NACC2', 'KLHL2', 'ARID3A']",0.9974407382848859,0,0,5
119,AHR,0.5818382804594552,0.9819166901210244,0.5317694916706887,"['NCOA1', 'DDB1', 'NCOA2', 'HSP90AA1', 'MAF', 'PTGES3', 'GTF2F1']",0.9974407382848859,0,0,7
120,JARID2,0.5825611687762321,1.0041149305493162,0.5425444720334862,"['DDB1', 'RBBP4', 'THRAP3', 'EHMT2']",0.9974407382848859,0,0,4
121,STAT2,0.5826189287487021,0.9783037475345168,0.5285011531533754,"['HSP90AA1', 'HSP90AB1', 'RCN2', 'STAT1', 'JAK2', 'JAK3', 'NDEL1', 'IFNAR1']",0.9974407382848859,0,0,8
122,NFATC1,0.5826189287487021,0.9783037475345168,0.5285011531533754,"['MAPK10', 'GSK3B', 'KAT2B', 'EGR2', 'CSNK2A1', 'PARP1', 'PRKACA', 'YWHAZ']",0.9974407382848859,0,0,8
123,KLF1,0.5854773858247062,1.0220624085811798,0.5471383392805175,"['SMARCD1', 'CSNK2A1', 'PRKACA']",0.9974407382848859,0,0,3
124,E2F4,0.5859815803875784,0.9714617081146856,0.5192141496422212,"['TFDP2', 'LIN37', 'TRRAP', 'CHEK1', 'E2F1', 'CDK1', 'SLC3A2', 'ARID3A', 'DBF4B', 'ARID1B', 'METAP2']",0.9974407382848859,0,0,11
125,SMAD2,0.5875517818930373,0.9766186789607979,0.5193569237563356,"['MTCH1', 'GSK3B', 'PPAN', 'CLTA', 'FHL3', 'ANTXR2', 'ING2', 'ZMYM2', 'RGS3', 'CDC27', 'SNIP1', 'ERC1', 'TSPYL2', 'KDM6B', 'GRIPAP1', 'EIF5B', 'AP1B1', 'FOS', 'ARID1B', 'MED6', 'RHOA', 'PSG9', 'EEF1A1', 'KAT2B', 'TBC1D1', 'ZEB2', 'ZEB1', 'DNAJC7', 'PSPC1', 'FAM161B', 'STAMBP', 'TOP1', 'ZMYND11', 'SQSTM1', 'ARHGEF6', 'LAMA5', 'DHX8', 'CAMK2A', 'PSG11', 'HSPD1', 'PAK1', 'UBR5', 'SURF6', 'ZNF106', 'SMURF2', 'PBDC1', 'WWP1', 'CDK8', 'STAG1', 'TFCP2', 'COL5A1', 'ERCC3', 'EIF3L', 'POLR3D', 'ANP32E', 'TCF4', 'RHEBL1', 'EIF3D', 'HSPA1B']",0.9974407382848859,0,0,59
126,HCFC1,0.5899723770165846,0.9675737670732979,0.5105689014129521,"['HSP90AA1', 'EGR2', 'SNRPN', 'MED19', 'DPY30', 'SLX4', 'RBBP4', 'CLP1', 'HCFC1R1', 'E2F1', 'E2F3', 'PDCD2', 'HSPA1B', 'HSPA1A']",0.9974407382848859,0,0,14
127,EP300,0.5915174760970375,0.9763409659580732,0.5126415423644685,"['MDC1', 'THRA', 'MPG', 'SUV39H1', 'CITED4', 'RORA', 'PRDM2', 'NR3C1', 'GRIP1', 'ING2', 'RPS6KA5', 'CREB3L4', 'CREB3L1', 'MYB', 'CREB3L2', 'EPC1', 'SNIP1', 'PRKACA', 'SKP2', 'HMGN1', 'NCOA1', 'SS18', 'NCOA2', 'PARP1', 'NPY5R', 'PRKCD', 'TRAF2', 'FOS', 'PROX1', 'ETV4', 'DDB1', 'EID1', 'KAT2B', 'ACTA1', 'ZEB1', 'MAF', 'KAT6A', 'PPARG', 'MAPT', 'ATF5', 'CLOCK', 'ATF4', 'IFNAR1', 'CREB5', 'SMARCD1', 'DDX24', 'ASCL1', 'PRDX4', 'MSTO1', 'THPO', 'ATXN7', 'VHL', 'E2F5', 'DECR2', 'N4BP2', 'TSNAX', 'IGBP1', 'XRCC6', 'NFYA', 'STAT1', 'ZBTB16', 'NFKB1', 'NAP1L4', 'CNOT4', 'MYBBP1A', 'SP3', 'ERCC8', 'TCF4']",0.9974407382848859,0,0,68
128,BATF,0.5926664346141528,1.0599340384396678,0.5544764496579666,"['FOS', 'ATF4']",0.9974407382848859,0,0,2
129,BMI1,0.6074115122500454,0.9537461512145057,0.4754889736554616,"['RNF114', 'PHC1', 'CSNK2A1', 'PARP1', 'CBX4', 'XRCC5', 'USP11', 'ZBTB16', 'PTEN', 'TRIM27']",0.9974407382848859,0,0,10
130,PPARG,0.6123659113771732,0.9536192109777015,0.46767896925355934,"['NCOA1', 'GSK3B', 'NCOA2', 'HSP90AA1', 'DUT', 'HSP90AB1', 'SMARCD3', 'CSNK2A1', 'SIAH2', 'USP11', 'CHD7', 'MIF4GD', 'ZBTB3', 'RXRB', 'GRIP1', 'KCTD13', 'SERPINH1', 'NFKBIB']",0.9974407382848859,0,0,18
131,ATF1,0.6133937230296791,0.9538251366120218,0.46618037627619746,"['RPS6KA5', 'CSNK2A1', 'CAMK2A', 'PRKACA', 'TTI1']",0.9974407382848859,0,0,5
132,KLF2,0.6139693192565903,1.1924454297407914,0.581687187524079,['WWP1'],0.9974407382848859,0,0,1
133,NFYB,0.6180960937948982,0.9538409013315124,0.4589036761270044,"['KAT2B', 'TAF12', 'NFYA', 'TAF11']",0.9974407382848859,0,0,4
134,CNOT3,0.6180960937948982,0.9538409013315124,0.4589036761270044,"['CAND2', 'CNOT6L', 'CNOT2', 'CIRBP']",0.9974407382848859,0,0,4
135,IRF3,0.6286379845756801,0.9366321990808644,0.43478441315858857,"['GRIP1', 'NCOA2', 'HSP90AA1', 'HSP90AB1', 'CSNK2A1', 'SMURF2', 'PRKCB', 'GSS', 'AKT3', 'CAMK2A', 'ISG15']",0.9974407382848859,0,0,11
136,CTCF,0.6306718333923804,0.932961101528579,0.4300667296610553,"['ZMYM2', 'PARP1', 'CHD7', 'ATRX', 'CD3EAP', 'POLR1E', 'DDX21', 'HMGB1', 'LLPH']",0.9974407382848859,0,0,9
137,ZNF217,0.6419397053764838,0.9538723984988059,0.4228143345640396,"['GSK3B', 'EHMT2']",0.9974407382848859,0,0,2
138,GTF2B,0.6468069395289789,0.9250971171539563,0.4030716803094531,"['NCOA1', 'THRA', 'ELN', 'TAF11', 'GTF2F1', 'LSM5', 'RXRB', 'PSMA3', 'POLR3A', 'SPATA24', 'TBPL1', 'JAK3', 'ATF4']",0.9974407382848859,0,0,13
139,CHD7,0.651668101731058,0.9083548748963566,0.3889756274144077,"['PBRM1', 'CBX4', 'PPARG', 'ARID2']",0.9974407382848859,0,0,4
140,NEUROD1,0.651668101731058,0.9083548748963566,0.3889756274144077,"['GSK3B', 'CDK1', 'TCF4', 'GCK']",0.9974407382848859,0,0,4
141,STAT3,0.653000026335776,0.9424383853271104,0.401646609261389,"['RET', 'ALK', 'GSK3B', 'HSP90AB1', 'RBM8A', 'CTR9', 'STMN3', 'NR3C1', 'IGF1R', 'RPS6KA5', 'CAPNS1', 'ERBB2', 'STAP2', 'RAC1', 'JAK2', 'JAK3', 'PRKCG', 'NCOA1', 'PDGFRB', 'PDIA3', 'HSP90AA1', 'PRKCB', 'STAT1', 'SIAH2', 'ECH1', 'PRKCD', 'ELP2', 'FOS', 'ARID1B', 'NFKB1', 'GNL3', 'FER', 'TRAF6', 'CRYAB', 'IFNAR1']",0.9974407382848859,0,0,35
142,SPI1,0.6530906383029579,0.913045376488052,0.3889932645846609,"['ARF1', 'XRCC6', 'CSNK2A1', 'PARP1', 'NFYA', 'XRCC5', 'FOS', 'VAV1', 'NFKB1']",0.9974407382848859,0,0,9
143,IRF1,0.6600315076203727,0.9021078494762705,0.3747966790412371,"['KAT2B', 'CSNK2A1', 'SP2', 'STAT1', 'EIF2AK1', 'POLR2F', 'NFKB1']",0.9974407382848859,0,0,7
144,CREB1,0.6603649440161535,0.9256130036428598,0.3840948260700141,"['GSK3B', 'RAB1A', 'CSNK2A1', 'THRA', 'NFYA', 'PRKCB', 'KCNIP3', 'CAMK2A', 'DYRK1A', 'FHL3', 'NR3C1', 'TOX4', 'RPS6KA5', 'ZMYM2', 'RBBP4', 'KIAA2026', 'RPS6KA2', 'CCDC6', 'PRKACA', 'SGK2']",0.9974407382848859,0,0,20
145,TP53,0.6632425586076391,0.9584674516735042,0.3935606388180992,"['MDC1', 'OTUD5', 'TP53RK', 'TRRAP', 'EHMT2', 'UBE2D2', 'PRDM2', 'NOC2L', 'NR3C1', 'IGF1R', 'PSMD4', 'CHEK1', 'KAT7', 'PRKACA', 'SNRPN', 'CSNK2A1', 'PRKCB', 'PRKCD', 'DYRK1A', 'ANK2', 'GTPBP4', 'SUPT7L', 'KAT6A', 'VCP', 'ARL3', 'STK4', 'UBR5', 'SERPINH1', 'PCDHA4', 'TOE1', 'HSPA9', 'XRCC6', 'UBE2B', 'EIF2S2', 'COPS4', 'NFKBIA', 'COPS3', 'CDK8', 'AIMP2', 'CDK7', 'SP3', 'MKRN1', 'NMT1', 'CDK1', 'SAE1', 'NFKBIB', 'ALK', 'GSK3B', 'WDR48', 'HSP90AB1', 'ZCCHC10', 'ELN', 'PTEN', 'HMGB2', 'HMGB1', 'MED17', 'ING2', 'NCOA2', 'HSP90AA1', 'TMED9', 'TSC22D1', 'PARP1', 'MSL2', 'SERPINB9', 'YWHAZ', 'GNL3', 'KAT2B', 'ACTA1', 'TOP1', 'ZMYND11', 'CRYAB', 'SMARCD1', 'RNF34', 'USP11', 'RNF38', 'PTGS2', 'PPM1D', 'HSPD1', 'CDC42', 'MTHFSD', 'DNAJB6', 'E2F1', 'VHL', 'ZNF585B', 'CA11', 'RRM2', 'NFYA', 'STAT1', 'ARID3A', 'CABLES2', 'MAPK10', 'KLF6', 'ERCC3', 'ERCC2', 'ERCC8', 'HSPA1B', 'HSPA1A']",0.9974407382848859,0,0,97
146,ZFP42,0.6641682819637897,0.8941766211604095,0.365914710943753,"['DPF2', 'SMARCAD1', 'RAI14']",0.9974407382848859,0,0,3
147,NR2F2,0.6641682819637897,0.8941766211604095,0.365914710943753,"['SMARCAD1', 'NR3C1', 'SQSTM1']",0.9974407382848859,0,0,3
148,SP2,0.6808975359658839,0.9538881309686221,0.36662065067750094,['E2F1'],0.9974407382848859,0,0,1
149,IRF6,0.6808975359658839,0.9538881309686221,0.36662065067750094,['ZBTB3'],0.9974407382848859,0,0,1
150,TCF4,0.6840182379107563,0.8783052127927474,0.33355458380966296,"['XRCC6', 'CSNK2A1', 'PARP1', 'USP4', 'XRCC5', 'ERBB2', 'ASCL1']",0.9974407382848859,0,0,7
151,ZFPM2,0.6863754415721892,0.867094693092646,0.3263141881077836,"['RBBP4', 'ITSN1']",0.9974407382848859,0,0,2
152,GATA4,0.6908378650258689,0.866913066434761,0.32062790244314476,"['MDC1', 'SMARCD3', 'FOS', 'JARID2', 'PRKACA', 'ZBTB3']",0.9974407382848859,0,0,6
153,PAX3,0.6908378650258689,0.866913066434761,0.32062790244314476,"['TLE4', 'GSK3B', 'PSMD4', 'CSNK2A1', 'CBX3', 'CIB1']",0.9974407382848859,0,0,6
154,USF2,0.6992015793497603,0.8415177675165629,0.3011086863112265,"['MAF', 'NFYA', 'FOS']",0.9974407382848859,0,0,3
155,SIRT3,0.7003459353750551,0.8852592954990215,0.3153124283650417,"['HSPA9', 'XRCC6', 'MARS2', 'SIRT5', 'TTF2', 'HSPD1', 'PSMA5', 'PPP1R8', 'STXBP5', 'VPS45', 'SKP2', 'PAIP2', 'CLOCK']",0.9974407382848859,0,0,13
156,BCL3,0.70689681445755,0.8557232241442768,0.29682520437853127,"['NCOA1', 'GSK3B', 'STAT1', 'RUVBL2', 'FOS', 'N4BP2', 'NFKB1']",0.9974407382848859,0,0,7
157,PML,0.7105951789107998,0.9060152380213836,0.3095422623421459,"['THRA', 'SUV39H1', 'NR3C1', 'RNF4', 'MED17', 'SENP6', 'ZMYM2', 'TERT', 'MYB', 'TRIM27', 'MAP2K4', 'CASP8AP2', 'CSNK2A1', 'ZBTB16', 'SIAH2', 'ARID3A', 'FOS', 'NFKB1', 'RBX1', 'PSMA3', 'MAF', 'MRTO4', 'ZSCAN21', 'CDK1', 'TCF4', 'PPARG', 'SSBP2']",0.9974407382848859,0,0,27
158,STAT4,0.7126752725241517,0.8292487419656508,0.2808909292864581,"['GSK3B', 'PRKCD', 'JAK3', 'IFNAR1']",0.9974407382848859,0,0,4
159,CHD1,0.7154367624079585,0.858077975376197,0.2873377638555932,"['RGP1', 'DSN1', 'TAF12', 'RMI1', 'MED8', 'ISG15', 'RTF1', 'RPF2', 'GBP2']",0.9974407382848859,0,0,9
160,ESR1,0.7218995634718447,0.9487291054407896,0.3091616501363805,"['POP1', 'MPG', 'TRRAP', 'IRS1', 'EHMT2', 'PRDM2', 'IGF1R', 'GRIP1', 'RGS3', 'FAM162A', 'RUVBL2', 'RPS6KA2', 'ARHGDIA', 'NPPA', 'PRKACA', 'PDIA3', 'DDX18', 'G6PD', 'SLC30A9', 'SUPT16H', 'CSNK2A1', 'TPM1', 'KRT8', 'MED4', 'ILF2', 'MED6', 'GTPBP4', 'PDIA4', 'EEF1A1', 'INPP4B', 'KAT6A', 'DNAJB11', 'FKBP5', 'GLYR1', 'LRRC59', 'VCP', 'PIK3R3', 'ZC3HAV1', 'RAP1A', 'SERPINH1', 'DECR1', 'HSPA9', 'XRCC6', 'XRCC5', 'ZBTB16', 'IDH2', 'ARPC4', 'NFKB1', 'CDK8', 'CDK7', 'SP2', 'SP3', 'GNB1', 'CDK1', 'DCHS1', 'HYOU1', 'TAB2', 'EIF4G3', 'GSK3B', 'ARF1', 'HSP90AB1', 'THRA', 'CHD9', 'PTEN', 'HMGB2', 'HMGB1', 'MED17', 'MED13', 'ATIC', 'MED10', 'SPTAN1', 'NCOA1', 'VAV3', 'ACTR2', 'NCOA2', 'HSP90AA1', 'PRMT2', 'PARP1', 'H2AFY', 'ACAD9', 'SSR3', 'FOS', 'GNL2', 'MRPS6', 'YWHAZ', 'DDOST', 'GNL3', 'DDB1', 'PSMA5', 'ACTA1', 'PLCB3', 'RCN2', 'TUBB2A', 'PIK3CA', 'THRAP3', 'TRAF6', 'LCOR', 'MYH9', 'PPARG', 'TOP1', 'RBM23', 'SOS1', 'SOS2', 'RAB1A', 'SMARCD1', 'SMARCD3', 'STAU1', 'MRPS35', 'DDX21', 'SLC3A2', 'RNF4', 'NR2C2', 'HSPD1', 'PAK1', 'PSMB2', 'RBBP4', 'POLR2D', 'ERBB2', 'SEC11A', 'ABCF1', 'NOP56', 'PTCD3', 'DUT', 'MDH2', 'PTGES3', 'RRP1B', 'HSPE1', 'MYBBP1A', 'PSMC1', 'SPAG1', 'P4HB', 'EIF3F', 'VPS45', 'RBMX', 'HSPA1B', 'PFKP']",0.9974407382848859,0,0,136
161,TBL1XR1,0.7256319263795175,0.8220275108347466,0.26363440039314995,"['PSMA3', 'THRA', 'PRKCD', 'TAB2', 'ABCF1']",0.9974407382848859,0,0,5
162,CDX2,0.7261698005555381,0.7947799385875128,0.25430685476130654,"['SMARCD1', 'GSK3B']",0.9974407382848859,0,0,2
163,JUN,0.7285432677559684,0.9073425711326989,0.2873628888978355,"['GSK3B', 'SMARCD1', 'SMARCD3', 'DDX21', 'NR3C1', 'RPS6KA2', 'KAT7', 'ASCC3', 'NCOA1', 'NCOA2', 'SS18', 'MAP2K4', 'BATF3', 'HSP90AA1', 'CSNK2A1', 'NFYA', 'STAT1', 'TPM1', 'M6PR', 'TRAF2', 'FOS', 'GTF2F1', 'VAV1', 'NFKB1', 'COPS4', 'MAPK10', 'COPS3', 'SLC4A8', 'MAF', 'MYBBP1A', 'AMPH', 'TCF4', 'TOP1', 'ATF4', 'RNF187', 'CREB5']",0.9974407382848859,0,0,36
164,SOX2,0.7289774934227254,0.8511925125849177,0.2690725256093313,"['SMARCD1', 'SUPT16H', 'ZEB1', 'RBBP4', 'TRRAP', 'RUVBL2', 'CHD7', 'SAE1', 'TEAD1', 'SOX5']",0.9974407382848859,0,0,10
165,HIF1A,0.7341077573193435,0.8752686666433297,0.2705450659176296,"['NCOA1', 'NCOA2', 'VCP', 'HSP90AA1', 'HSP90AB1', 'CSNK2A1', 'PARP1', 'USP20', 'NAA10', 'PTGES3', 'CUL2', 'RBX1', 'COPS3', 'KAT2B', 'DNAJB1', 'RUVBL2', 'HIF1AN', 'VHL']",0.9974407382848859,0,0,18
166,EBF1,0.7362252697365604,0.794849931787176,0.24339825782938992,['EBF4'],0.9974407382848859,0,0,1
167,PAX5,0.7615962660023644,0.7335905309293231,0.19978509031519953,"['TLE4', 'MYB']",0.9974407382848859,0,0,2
168,ZNF148,0.7615962660023644,0.7335905309293231,0.19978509031519953,"['TRRAP', 'NOC4L']",0.9974407382848859,0,0,2
169,FOS,0.775034564742884,0.8716276872194662,0.22213226859529736,"['LRRC59', 'SMARCD1', 'AMY2B', 'CUL2', 'CABP1', 'NR3C1', 'CAMSAP2', 'PNN', 'RPS6KA2', 'TSPAN2', 'PRKACA', 'NCOA1', 'NCOA2', 'AGTPBP1', 'CSNK2A1', 'ATRNL1', 'STAT1', 'CCDC158', 'SLC4A10', 'GNL2', 'GTF2F1', 'NFKB1', 'COPS4', 'MAF', 'LAS1L', 'ANP32E', 'HSPA1B', 'ATF4']",0.9974407382848859,0,0,28
170,ZNF274,0.7819626305160091,0.6812512180861431,0.16755259711151377,['TRAF6'],0.9974407382848859,0,0,1
171,LMX1B,0.7819626305160091,0.6812512180861431,0.16755259711151377,['SSBP2'],0.9974407382848859,0,0,1
172,POU3F2,0.7819626305160091,0.6812512180861431,0.16755259711151377,['PRKACA'],0.9974407382848859,0,0,1
173,KDM5A,0.7875116899218059,0.7151365187713311,0.17082971199715594,"['GSK3B', 'CDK1', 'NR3C1']",0.9974407382848859,0,0,3
174,NR0B1,0.7888488226681025,0.7334086193765265,0.1739502837345951,"['RORA', 'PPARG', 'NR3C1', 'SLC8A1']",0.9974407382848859,0,0,4
175,KRT7,0.7929729665294794,0.6811424672223034,0.1580019943983258,"['HSPA1B', 'HSPA1A']",0.9974407382848859,0,0,2
176,ZBTB33,0.7929729665294794,0.6811424672223034,0.1580019943983258,"['GSK3B', 'WDR48']",0.9974407382848859,0,0,2
177,NCOR1,0.7963338262428238,0.8450427189415011,0.19244732581652252,"['NCOA1', 'GSK3B', 'SMARCD1', 'THRA', 'ZBTB16', 'SIAH2', 'NR3C1', 'CHD1', 'YWHAZ', 'NFKB1', 'NFKBIA', 'NR6A1', 'RBBP4', 'CNOT2', 'MYB', 'C1D', 'ERBB2', 'TAB2', 'PPARG', 'PDCD2', 'ZMYND11', 'SQSTM1']",0.9974407382848859,0,0,22
178,KDM5B,0.8042845354648607,0.7582100913440626,0.16513980516608096,"['PRPF4', 'DBNL', 'MAF', 'RBBP4', 'CBX4', 'ARID1B', 'RHOBTB2']",0.9974407382848859,0,0,7
179,ETS2,0.8103350055288517,0.7061947574067752,0.14851807495018646,"['CAMK2A', 'FOS', 'NR3C1', 'ZMYND11']",0.9974407382848859,0,0,4
180,CCND1,0.8191646088308376,0.802843258812023,0.16014332767550116,"['ITGB1', 'NCOA1', 'GSK3B', 'PRMT5', 'THRA', 'LPL', 'MCM10', 'FOS', 'WDR77', 'RBX1', 'KAT2B', 'RASSF1', 'CDK1', 'PRKACA', 'CRYAB']",0.9974407382848859,0,0,15
181,BRCA1,0.8195658637527967,0.8873846822212568,0.17657225962643633,"['MDC1', 'GSK3B', 'WDR48', 'TRRAP', 'UBE2D2', 'MED17', 'MED13', 'TATDN2', 'CHEK1', 'JAK2', 'SKP2', 'VSIG8', 'TLE4', 'CUBN', 'EIF5B', 'NCOA2', 'ACOT7', 'CSNK2A1', 'PARP1', 'H2AFY', 'TPM3', 'RFC2', 'TPM1', 'UBE2E2', 'GTF2F1', 'ETV4', 'YWHAZ', 'POMGNT1', 'RBX1', 'ZSCAN21', 'VCP', 'DDX24', 'INPP1', 'RNF8', 'PPP1R3A', 'SPATA4', 'HSPA14', 'ACACA', 'HSPD1', 'DNAJB1', 'RBBP4', 'POLR2D', 'E2F1', 'CSTF1', 'RICTOR', 'CLSPN', 'ATRIP', 'LCMT1', 'SH2B1', 'CNTLN', 'XRCC6', 'NFYA', 'STAT1', 'XRCC5', 'CEP350', 'GPN1', 'NFKB1', 'CDK8', 'CDK7', 'CDK1', 'PSMG1']",0.9974407382848859,0,0,61
182,TET1,0.8197715184630752,0.5960521828103683,0.11845321995788075,['ARID4B'],0.9974407382848859,0,0,1
183,NFKB1,0.8248427165082639,0.8567552640662754,0.16497898478261763,"['HSP90AB1', 'GALT', 'HMGB2', 'HMGB1', 'NR3C1', 'JAKMIP1', 'TIMM50', 'RPS6KA5', 'COMMD9', 'PPME1', 'RUVBL2', 'AKT3', 'DPF2', 'RAC2', 'E2F1', 'RAC1', 'PRKACA', 'SPTAN1', 'NCOA1', 'HSPA9', 'HSP90AA1', 'CSNK2A1', 'PARP1', 'DST', 'IL1R1', 'INTS3', 'HSPA6', 'FOS', 'TRAF1', 'COMMD7', 'COMMD5', 'NFKBIA', 'MYH9', 'TAB2', 'HSPA1A', 'NFKBIB']",0.9974407382848859,0,0,36
184,AIRE,0.8253389641314354,0.7474710910005028,0.14348538137960642,"['NOP56', 'SUPT16H', 'PARP1', 'NASP', 'MYBBP1A', 'XRCC5', 'RUVBL2', 'SNRPD3']",0.9974407382848859,0,0,8
185,EGR1,0.8299982460976326,0.6809247427205775,0.12687785897896325,"['PSMA3', 'CSNK2A1', 'PTEN', 'TCF4']",0.9974407382848859,0,0,4
186,NOD2,0.8301694351050535,0.7008899871423979,0.13045347150749917,"['HSP90AB1', 'TRAF6', 'RAC1', 'TRIM27', 'SQSTM1']",0.9974407382848859,0,0,5
187,TP63,0.8302243459608918,0.7938656614119259,0.1477061038448469,"['VCP', 'HSP90AB1', 'NIPSNAP3A', 'RNF38', 'PPP2R5A', 'WWP1', 'KRT5', 'ZBTB4', 'SCAF4', 'EEF1A1', 'MTHFSD', 'DNAJB6', 'SACS', 'N4BP2', 'SNRPA']",0.9974407382848859,0,0,15
188,HNF4A,0.8434710819889687,0.7392978442379358,0.12585042135836516,"['NCOA1', 'NCOA2', 'MECR', 'MED10', 'NPPA', 'PROX1', 'NRBF2', 'NR2C2', 'MED17']",0.9974407382848859,0,0,9
189,ZBTB7B,0.8449375898794533,0.5959143636983965,0.10040710836450953,"['MYBBP1A', 'SP3']",0.9974407382848859,0,0,2
190,THAP1,0.8449375898794533,0.5959143636983965,0.10040710836450953,"['RALYL', 'ZCCHC10']",0.9974407382848859,0,0,2
191,SALL4,0.8474589865382617,0.6973593207062921,0.11542191774005069,"['SMARCD1', 'TFCP2', 'RBBP4', 'RUVBL2', 'DPF2', 'PHACTR2']",0.9974407382848859,0,0,6
192,NR4A2,0.8479329343356821,0.6573974876679106,0.1084401697779618,"['RXRB', 'ANP32E', 'VHL', 'ZCCHC17']",0.9974407382848859,0,0,4
193,EPAS1,0.8556638937435718,0.766393781526503,0.11946364435098691,"['HSP90AA1', 'MED8', 'TGFA', 'DPY30', 'MED4', 'ARID1B', 'MED18', 'MED17', 'MED11', 'MED10', 'DPF2', 'VHL', 'BBS4', 'PDK1']",0.9974407382848859,0,0,14
194,RUNX1,0.860954616864408,0.7550576344804544,0.11304231039346194,"['GSK3B', 'SMARCD1', 'PHC1', 'CBX3', 'SUV39H1', 'FOS', 'CCND2', 'EFNA2', 'RBBP4', 'KAT6A', 'TRAF6', 'MYB', 'CDK1']",0.9974407382848859,0,0,13
195,ZEB1,0.8662045174124694,0.5608204387179642,0.08055301469211597,"['CDK1', 'SERPINH1']",0.9974407382848859,0,0,2
196,HDAC2,0.86845003389603,0.8558596734977423,0.1207149214593029,"['THRA', 'IRS1', 'EHMT2', 'SUV39H1', 'DPY30', 'ARID4B', 'NR3C1', 'ING2', 'CHAF1A', 'FSD1L', 'ZMYM2', 'RUVBL2', 'SMARCAD1', 'CIR1', 'HIF1AN', 'RAC1', 'SS18', 'HELLS', 'CSNK2A1', 'ZFP1', 'PARP1', 'H2AFY', 'PRKCB', 'DNTTIP1', 'UBE2E2', 'FOS', 'ZEB2', 'PSMA3', 'MAF', 'KAT6A', 'ZNF239', 'CLOCK', 'AIRE', 'PHF21A', 'PAK1', 'RBBP4', 'BAHD1', 'PPP1R8', 'SERPINH1', 'E2F1', 'VHL', 'PLK4', 'PHC1', 'MBD1', 'ZBTB16', 'NFKB1', 'PARP12', 'NFKBIA', 'CDK8', 'CDK7', 'TFCP2', 'MYBBP1A', 'SP3', 'TAB2']",0.9974407382848859,0,0,54
197,POLR3A,0.8707058217321961,0.5957764505119454,0.08248590904040062,"['POLR3D', 'POLR3F', 'GPN1']",0.9974407382848859,0,0,3
198,FOXA2,0.8768618074280748,0.47677353342428375,0.06265084248989619,['NCOA1'],0.9974407382848859,0,0,1
199,MBD4,0.8768618074280748,0.47677353342428375,0.06265084248989619,['TRIM27'],0.9974407382848859,0,0,1
200,BCL11B,0.8847603497130294,0.5296258387353576,0.0648465730928787,"['RBBP4', 'SUV39H1']",0.9974407382848859,0,0,2
201,FLI1,0.8847603497130294,0.5296258387353576,0.0648465730928787,"['GRIP1', 'PRKCD']",0.9974407382848859,0,0,2
202,YY1,0.8861737936592601,0.7439277758738863,0.08989786330585456,"['WDHD1', 'INO80E', 'XRCC6', 'XRCC5', 'SIRT5', 'FOS', 'NFKB1', 'KAT2B', 'TFCP2', 'RUVBL2', 'SP3', 'SMARCAD1', 'E2F3', 'SLC39A7', 'SKP2']",0.9974407382848859,0,0,15
203,RCOR1,0.8923870538670593,0.5956384431546603,0.0678166077091721,"['ZMYM2', 'SERPINH1', 'PHF21A', 'MED28']",0.9974407382848859,0,0,4
204,MYC,0.8957180091022371,0.8923518473603363,0.09827438549605187,"['OTUD4', 'RNH1', 'TRRAP', 'RPP30', 'CLSTN1', 'PLOD2', 'YEATS4', 'ARID4B', 'NOC2L', 'RIMS2', 'PSMD4', 'OPHN1', 'RUVBL2', 'CDC26', 'CSPP1', 'DHX58', 'SACS', 'EPC1', 'SNIP1', 'SMARCAD1', 'SKP2', 'PDK1', 'IK', 'ACOT8', 'CSNK2A1', 'RALGAPA1', 'REV1', 'ARID5B', 'GTF2F1', 'FOXP1', 'WDR77', 'FRMD6', 'PPA2', 'RFX7', 'KIAA2026', 'DNAJB11', 'ALPK3', 'WDFY3', 'SNRPF', 'SNRPC', 'SQSTM1', 'PHLDB2', 'LRRC59', 'ABCB7', 'CTR9', 'ARL1', 'SLC1A4', 'PDS5B', 'EFNA5', 'ACACB', 'ACACA', 'LCN12', 'SERPINH1', 'EXPH5', 'XRCC6', 'CRADD', 'CPSF1', 'XRCC5', 'HPS1', 'ABCA9', 'HELZ', 'AP4B1', 'CNOT4', 'ANLN', 'CDK8', 'STAG2', 'LAS1L', 'WNK1', 'UST', 'MYO5C', 'CDK1', 'TPP1', 'TUBGCP4', 'BRWD1', 'GSK3B', 'ARF1', 'FASTKD2', 'CDCA7L', 'SUV39H1', 'NCAPG2', 'DIRAS2', 'ECSIT', 'PHF6', 'RARS', 'CEP170', 'ERC1', 'TNPO1', 'TNPO3', 'CCT3', 'UTP15', 'HELLS', 'HSP90AA1', 'RFC2', 'PPP2R5A', 'FOS', 'TSN', 'ADAMTS20', 'GNL3', 'DDB1', 'PSMA5', 'KAT2B', 'PSMA3', 'PSMA1', 'MCM4', 'NDUFS1', 'TOP1', 'ARHGEF2', 'SOS1', 'SLC25A11', 'DDX24', 'DNAH8', 'RPS27L', 'AGPAT1', 'RBFA', 'HSPD1', 'SLC25A26', 'PPP1R2', 'MNT', 'DNAJB6', 'PSMB3', 'HAUS7', 'POLD1', 'SH3BP4', 'ZNF106', 'VHL', 'BUB1', 'EXOSC1', 'NOP56', 'TAF12', 'STAT1', 'RRP1B', 'MAPK10', 'MKLN1', 'POLR3A', 'MYBBP1A', 'ERCC3', 'PSMC1', 'SSBP1', 'HSPA1B', 'HSPA1A']",0.9974407382848859,0,0,140
205,SMAD4,0.8975969136111162,0.7970719168513792,0.08611101309805715,"['ITK', 'GSK3B', 'SMARCD3', 'HDLBP', 'FHL3', 'ECSIT', 'UBE2Z', 'RMND5B', 'PAK1', 'ZMYM2', 'CHEK1', 'RAC2', 'SNIP1', 'SKP2', 'PLK4', 'KDM6B', 'STK11IP', 'STAT1', 'NEK6', 'WWP1', 'ISG15', 'PSG2', 'THOC2', 'FOXP1', 'PSG9', 'EEF1A1', 'DDX39B', 'COL5A1', 'TCTA', 'RHEBL1', 'SQSTM1']",0.9974407382848859,0,0,31
206,GABPB1,0.8982182935159385,0.4333994791020712,0.046522032620927765,['LMO3'],0.9974407382848859,0,0,1
207,JUNB,0.8997354301916232,0.6108133669609079,0.06453519635036582,"['SMARCD1', 'GSK3B', 'BATF3', 'FOS', 'ATF4']",0.9974407382848859,0,0,5
208,GATA3,0.9009056455645836,0.5017148808561834,0.052356330341614445,"['MYB', 'PRKACA']",0.9974407382848859,0,0,2
209,CEBPZ,0.9009056455645836,0.5017148808561834,0.052356330341614445,"['GSK3B', 'LAG3']",0.9974407382848859,0,0,2
210,SP3,0.9044375050406883,0.5775474099134051,0.05801005732323142,"['RBBP4', 'CSNK2A1', 'SP4', 'E2F1']",0.9974407382848859,0,0,4
211,BRF1,0.914918256472596,0.47659501876492666,0.0423790935244045,"['CSNK2A1', 'POLR3F']",0.9974407382848859,0,0,2
212,GLI1,0.9152764202983874,0.5605205550981062,0.049622414265688766,"['GSK3B', 'STK36', 'DYRK1A', 'PRKACA']",0.9974407382848859,0,0,4
213,ZNF263,0.9158717968906605,0.3972544338335607,0.03491027624166749,['TRIM41'],0.9974407382848859,0,0,1
214,ELK1,0.9197126825299913,0.5809342929494868,0.048620691077748926,"['MAPK10', 'MOB4', 'GSK3B', 'RPS6KA5', 'FOS']",0.9974407382848859,0,0,5
215,WT1,0.9270521668141739,0.4538675244918848,0.03437839539845281,"['TERT', 'PRKACA']",0.9974407382848859,0,0,2
216,STAT5B,0.9287667592476507,0.6244864789127085,0.04614807585613503,"['GSK3B', 'IL15', 'STAT1', 'ELP2', 'STAP2', 'NR3C1', 'JAK2', 'JAK3']",0.9974407382848859,0,0,8
217,TCF3,0.9297035776026252,0.7618221390195272,0.055528817586296395,"['GSK3B', 'INO80E', 'TRRAP', 'PSMD13', 'PDCD6', 'ZDHHC6', 'ASCL1', 'TIMM50', 'NHLH2', 'STIP1', 'PSMD4', 'RBBP4', 'RUVBL2', 'SERPINH1', 'TRIM27', 'PRKACA', 'SKP2', 'PRMT5', 'RALGAPA1', 'FOXP1', 'KAT2B', 'LANCL2', 'ERCC8', 'TCF4', 'UQCRC2', 'SSBP1', 'HIST1H4C', 'ASB2', 'RAI14']",0.9974407382848859,0,0,29
218,ELK4,0.9304641917641614,0.3666701647602057,0.02642653713784777,['FOS'],0.9974407382848859,0,0,1
219,SP1,0.9358082709539391,0.7643872585956324,0.050713014470138054,"['ATF7IP2', 'RNF4', 'SENP6', 'TERT', 'RBBP4', 'CASP6', 'RNF19A', 'BAHD1', 'E2F1', 'E2F3', 'VHL', 'SKP2', 'CNTLN', 'HSPA9', 'HBZ', 'HSP90AA1', 'CSNK2A1', 'PARP1', 'NFYA', 'TPM4', 'TPM3', 'ZBTB16', 'PRKCD', 'TPM1', 'NFKB1', 'KLF6', 'PER3', 'SP4', 'SP3', 'CDK1', 'MYH9', 'PPARG']",0.9974407382848859,0,0,32
220,MYCN,0.9375374181056951,0.4332061660618467,0.027941195245968924,"['GSK3B', 'CSNK2A1']",0.9974407382848859,0,0,2
221,GTF3C2,0.9425261216609833,0.3404550769830442,0.020152095971430067,['SMARCAD1'],0.9974407382848859,0,0,1
222,RBM15,0.9425261216609833,0.3404550769830442,0.020152095971430067,['TPM1'],0.9974407382848859,0,0,1
223,MAX,0.9446405209599763,0.6384576217425418,0.03636068826011034,"['CLIP2', 'MNT', 'HSP90AB1', 'L3MBTL2', 'CSNK2A1', 'TRRAP', 'SNIP1', 'TEAD1', 'MED6', 'PFKP', 'HSPA1A']",0.9974407382848859,0,0,11
224,BCOR,0.946580776114161,0.4143414474952902,0.022746918723989536,"['MAPK10', 'MLLT3']",0.9974407382848859,0,0,2
225,RAD21,0.9481403939468991,0.7334146101661587,0.03905630293855962,"['HSP90AB1', 'AIRE', 'FHL3', 'PDS5B', 'PPM1D', 'NIPBL', 'KIF3B', 'CLP1', 'CCT3', 'CBR1', 'HSP90AA1', 'DYNLT1', 'TPM3', 'GTPBP1', 'EIF2S1', 'DDB1', 'STAG1', 'STAG2', 'EIF2S3', 'PSPC1', 'PSMC1', 'MCM4', 'PIN4', 'EIF3F', 'HIST1H4C', 'EIF3D', 'HIST1H4E']",0.9974407382848859,0,0,27
226,ESR2,0.9490647429006774,0.7859343811629714,0.04108728228651866,"['LRRC59', 'STAU1', 'RPS27L', 'GCC2', 'ZC3HAV1', 'RPF2', 'GSPT1', 'LRRC1', 'MED17', 'RIMS2', 'SYNGAP1', 'PRDX4', 'MED13', 'MED10', 'TTC21B', 'UBN1', 'SERPINH1', 'SURF6', 'SCN1A', 'NCOA1', 'PTCD3', 'NOP56', 'NCOA2', 'PBRM1', 'HSP90AA1', 'PRMT2', 'RFC2', 'HSPA6', 'DNTTIP1', 'WWP1', 'RRP1B', 'MED4', 'GNL2', 'MRPL45', 'MED6', 'GTPBP4', 'GNL3', 'VMAC', 'CDK8', 'LAS1L', 'MYBBP1A', 'ARPC2', 'POLR1E', 'PPARG', 'ASB2', 'HSPA1B', 'RBM43', 'NFKBIB']",0.9974407382848859,0,0,48
227,ZZZ3,0.9524962689758395,0.3177353342428377,0.015463889284439678,['DNAJB11'],0.9974407382848859,0,0,1
228,RARG,0.9560482443002799,0.4465763651877133,0.020072224324707552,"['RXRB', 'NCOA1', 'CDK7']",0.9974407382848859,0,0,3
229,RFX5,0.9607372872425456,0.2978555593451569,0.01193039049267568,['SRPRB'],0.9974407382848859,0,0,1
230,PHF8,0.9607372872425456,0.2978555593451569,0.01193039049267568,['CDK1'],0.9974407382848859,0,0,1
231,POLE,0.9607372872425456,0.2978555593451569,0.01193039049267568,['XRCC5'],0.9974407382848859,0,0,1
232,TFAP2C,0.9607372872425456,0.2978555593451569,0.01193039049267568,['CITED4'],0.9974407382848859,0,0,1
233,TCF12,0.9610597263341822,0.3811395428181508,0.015138375449661696,"['TCF4', 'ASCL1']",0.9974407382848859,0,0,2
234,SMAD3,0.9659398157027899,0.7606994710156909,0.026361088757880433,"['GSK3B', 'DDX4', 'DHX8', 'EPB41', 'IRS1', 'PLAG1', 'SUV39H1', 'EBI3', 'FHL3', 'NR3C1', 'ZBTB3', 'GRIP1', 'ZMYM2', 'RGS3', 'HEY1', 'CDC27', 'ZNF329', 'E2F5', 'KDM6B', 'XRCC6', 'SMURF2', 'AHSG', 'TPM3', 'MBD1', 'ZBTB16', 'DYRK1A', 'WWP1', 'PROX1', 'FOS', 'MED6', 'RBX1', 'RSPH3', 'KAT2B', 'CDK8', 'ZEB2', 'ZEB1', 'LRCH1', 'COL5A1', 'PSPC1', 'PRTN3', 'CLASRP', 'ZMYND11', 'SQSTM1', 'PPP1R12C', 'HSPA1B', 'ARHGEF6']",0.9974407382848859,0,0,46
235,MTA3,0.9713249407247662,0.4082106289614822,0.011876570347241867,"['RBBP4', 'SMARCAD1', 'CDK13']",0.9974407382848859,0,0,3
236,GATA1,0.9725427001092674,0.5010339309154335,0.013949434420613615,"['SMARCD1', 'HEY1', 'RBBP4', 'ZBTB16', 'HSPA1B', 'MED17']",0.9974407382848859,0,0,6
237,TAF1,0.9740101371830934,0.6433098182849921,0.01694064259285614,"['CBR1', 'CSNK2A1', 'PARP1', 'TAF12', 'RMI1', 'CTR9', 'TAF11', 'ARL1', 'HMGB1', 'FOS', 'MED4', 'GTF2F1', 'MRM1', 'ELP6', 'MTM1', 'FAT1', 'TBPL1', 'BUB1']",0.9974407382848859,0,0,18
238,BACH1,0.9759426814575782,0.3402300531266754,0.008285085705689674,"['ARF3', 'ARF1']",0.9974407382848859,0,0,2
239,NFYA,0.978547735716157,0.38608984411032193,0.008372631911175186,"['KAT2B', 'TAF12', 'TAF11']",0.9974407382848859,0,0,3
240,CCNE1,0.9786348529970148,0.5046759460635059,0.010899327736939584,"['GSK3B', 'SMARCD3', 'POLD1', 'E2F1', 'CDK1', 'SKP2', 'RBX1']",0.9974407382848859,0,0,7
241,PHC1,0.9874855559737138,0.21652920749100832,0.0027268409084666863,['CBX4'],0.9974407382848859,0,0,1
242,GATA2,0.9874855559737138,0.21652920749100832,0.0027268409084666863,['ZBTB16'],0.9974407382848859,0,0,1
243,REST,0.9893922371979283,0.2885766570515803,0.0030775044588954837,"['GSK3B', 'SP3']",0.9974407382848859,0,0,2
244,BHLHE40,0.9896571660619846,0.20710006524704905,0.0021531557438151045,['NUMBL'],0.9974407382848859,0,0,1
245,SIN3A,0.9908430359288929,0.6203120118712903,0.005706341243130873,"['IGBP1', 'PRMT5', 'GSK3B', 'HSP90AA1', 'AHCYL1', 'CSNK2A1', 'LIN37', 'THRA', 'ZBTB16', 'ARID4B', 'ISG15', 'ZBTB4', 'NFKB1', 'ING2', 'MNT', 'MAF', 'TFCP2', 'RBBP4', 'MYB', 'SP3', 'SMARCAD1', 'TAB2', 'PDCD2']",0.9974407382848859,0,0,23
246,ILF3,0.9918428405350432,0.656970055108628,0.005380986244217469,"['LRRC59', 'KHDRBS2', 'STAU1', 'MRPS35', 'MRPS14', 'CUL2', 'RPS27L', 'NDRG1', 'MRPL32', 'MRPL11', 'MRPL4', 'RAP1A', 'MAGOH', 'SMARCAD1', 'NDUFV3', 'NDUFV1', 'RAB2A', 'NOP56', 'XRCC6', 'HSP90AA1', 'CSNK2A1', 'TPM4', 'PRKCB', 'RRP1B', 'MRPL45', 'ILF2', 'PDIA4', 'EEF1A1', 'RCN2', 'LNX1', 'SSBP1', 'SNRPC']",0.9974407382848859,0,0,32
247,ILF2,0.9918999653349463,0.589634893078714,0.004795511303982838,"['DDX28', 'NOP56', 'KHDRBS2', 'XRCC6', 'RAB6C', 'TPM4', 'XRCC5', 'CUL2', 'MYOF', 'MIF4GD', 'DDOST', 'RHOB', 'EEF1A1', 'SOAT1', 'MAGOH', 'NMT1', 'SREK1', 'SPTAN1', 'ABCF1']",0.9974407382848859,0,0,19
248,RUNX3,0.9935613432127057,0.2644717388832025,0.0017083484120519303,"['SMURF2', 'SUV39H1']",0.9974407382848859,0,0,2
249,MITF,0.9945546223818916,0.2573054118601713,0.0014049538640665165,"['GSK3B', 'FOS']",0.9974407382848859,0,0,2
250,IKZF1,0.9945546223818916,0.2573054118601713,0.0014049538640665165,"['RBBP4', 'CSNK2A1']",0.9974407382848859,0,0,2
251,SIN3B,0.9974407382848859,0.27982332864886567,0.0007170590948369534,"['MNT', 'ZBTB16', 'ZBTB4']",0.9974407382848859,0,0,3
